1.000000000000000000e+00 0.000000000000000000e+00 1.570796326794896558e+00
1.145500833727057133e+00 2.120551975136852618e-01 1.573775804379337284e+00
1.228841917574975406e+00 3.890827869487433199e-01 1.588943902332232483e+00
1.326643693198250373e+00 5.656268171555818292e-01 1.580346023246919751e+00
1.411947264992620799e+00 7.672954269987082299e-01 1.581160856257644021e+00
1.557141554764834401e+00 9.804323199766921126e-01 1.592042743939637628e+00
1.664718778240466657e+00 1.196244022390184902e+00 1.603583880264301431e+00
1.867287145452162012e+00 1.358647504169550491e+00 1.614329938688040311e+00
1.997498379063959328e+00 1.656324283867251834e+00 1.631357330369727299e+00
2.066670980912659772e+00 1.827966184537932470e+00 1.656933364083184479e+00
2.168561958551404434e+00 2.111681039910317192e+00 1.684508412176639824e+00
2.261314950747323138e+00 2.270921457780958885e+00 1.701540657024284808e+00
2.421790104237073749e+00 2.418160809372125630e+00 1.730539669275049874e+00
2.499316768828139246e+00 2.664282128172447806e+00 1.767420242046619849e+00
2.537813240443247853e+00 2.903651984439632461e+00 1.768709314655385834e+00
2.555167147320005938e+00 3.173715400473116510e+00 1.793926135316292525e+00
2.594134758885944247e+00 3.333472198423512278e+00 1.780344491795748718e+00
2.755290036976876689e+00 3.545713038851115773e+00 1.781021334175848736e+00
2.872088115550190945e+00 3.841350417739841205e+00 1.809152668008753073e+00
3.040628408573761821e+00 4.074465067159167120e+00 1.862343459452954653e+00
3.153758765746654369e+00 4.238936294217430678e+00 1.890772815319470057e+00
3.273704896286796728e+00 4.457304683060277384e+00 1.888930560786034274e+00
3.368525011177181838e+00 4.692240197165237880e+00 1.905705155579839438e+00
3.505746927378546207e+00 4.935115979915171813e+00 1.928801675949720851e+00
3.616986150440214765e+00 5.123033462904554192e+00 1.945553818064517992e+00
3.710436021219488012e+00 5.234543679122153570e+00 1.948364436508186470e+00
3.843653206069158834e+00 5.436916618118083910e+00 1.979538075577694123e+00
4.031580852369430090e+00 5.653824203395230619e+00 2.024815567212361334e+00
4.089261644960657804e+00 5.784352622859044502e+00 2.047211554240491171e+00
4.245687002267525045e+00 5.964441082658592741e+00 2.052182929961775315e+00
4.386943000835096029e+00 6.150507199174314543e+00 2.111610611142220151e+00
4.503847991261638484e+00 6.335091304994937111e+00 2.126640275416786352e+00
4.616248068735648857e+00 6.591800479561245041e+00 2.186521160583121404e+00
4.743795715927227263e+00 6.857352236004627954e+00 2.218701134787111062e+00
4.804385134175467087e+00 7.107601273734323932e+00 2.237133528441220598e+00
4.961124849153302208e+00 7.320096140461652467e+00 2.236344008998759847e+00
5.052111211986840544e+00 7.525186351360854786e+00 2.228875526967320830e+00
5.067417999111362370e+00 7.690711041386215641e+00 2.274317917447717718e+00
5.155120815077318674e+00 7.878720936166961231e+00 2.297813294668303197e+00
5.237491200023334237e+00 8.061322677217802379e+00 2.323962330969487233e+00
5.368998337867874504e+00 8.270015902222736415e+00 2.325693254179282743e+00
5.415111787306618574e+00 8.467551475479483614e+00 2.331077954947165853e+00
5.566587037575502883e+00 8.627087124778443084e+00 2.333026098029429285e+00
5.691636346852193995e+00 8.947150588551007644e+00 2.347552275806302990e+00
5.781707860192044635e+00 9.089635459600931000e+00 2.338388458009973636e+00
5.924288018580596393e+00 9.290058258866196184e+00 2.320741232700227474e+00
5.859353369880037299e+00 9.492681846982051752e+00 2.340884671898371572e+00
5.929232848926467625e+00 9.646289284429391486e+00 2.361771274507171725e+00
6.047209467960461104e+00 9.853848216062941034e+00 2.390086609680927232e+00
6.156861309387444692e+00 9.982099303134527091e+00 2.431051212533178685e+00
6.260374715492146969e+00 1.020771606057872916e+01 2.457555567301132893e+00
6.387211962248800390e+00 1.047902125674690943e+01 2.498679130885784527e+00
6.512045818277807818e+00 1.068049538169449875e+01 2.548394500359942416e+00
6.585809908765422271e+00 1.084223027155740837e+01 2.552640277774135047e+00
6.714369926857941984e+00 1.102775048470049768e+01 2.573270394187773924e+00
6.830677358863312065e+00 1.127399302077014909e+01 2.612883158534577532e+00
6.863371875272957112e+00 1.140008090592685441e+01 2.672155172447236549e+00
6.837109902995030630e+00 1.153714418931489760e+01 2.694818843705242273e+00
6.895562840232559942e+00 1.179210242160524835e+01 2.715969616130677444e+00
6.997418201094683710e+00 1.201352255455270068e+01 2.747549579938802999e+00
7.089877868517502790e+00 1.221676010600863194e+01 2.766612906000700089e+00
7.190642805224770839e+00 1.236257906942931584e+01 2.748335763092793815e+00
7.333674255373986206e+00 1.251290042406985314e+01 2.745332647314952190e+00
7.376821914843638694e+00 1.278741016014012288e+01 2.759579159362398837e+00
7.493644402295994489e+00 1.305589452304557341e+01 2.754841056394718102e+00
7.539401539174538591e+00 1.328260538755847975e+01 2.788881968383446264e+00
7.625280442969602390e+00 1.349570361625231563e+01 2.813764544524882893e+00
7.651246122091912127e+00 1.366511705476930771e+01 2.877336766443549632e+00
7.744132690907193250e+00 1.384566110241384429e+01 2.919952258049766325e+00
7.816207031197430766e+00 1.405681853033235562e+01 2.936035114431349236e+00
7.947737505642107791e+00 1.429606488902342143e+01 2.959614720573046309e+00
8.003540514626946489e+00 1.452489987186540432e+01 2.965400996280169732e+00
8.143427736331483757e+00 1.470571196417311377e+01 2.974915846570969968e+00
8.212667756829985066e+00 1.496535003146569665e+01 2.994477204758775990e+00
8.287029520573609531e+00 1.515422293947750632e+01 3.028917345604963174e+00
8.511278117482930838e+00 1.533430402327194031e+01 3.048381920525218280e+00
8.652808423569778640e+00 1.550396873329744452e+01 3.085234570800199361e+00
8.709311364411828293e+00 1.567925838595228072e+01 3.092513485695092879e+00
8.902069975197367313e+00 1.583706705911060375e+01 3.112533186915289019e+00
9.039355359866519279e+00 1.596487300007360410e+01 3.129291155063434804e+00
9.138489424196585276e+00 1.615326664172633286e+01 3.188825369249714381e+00
9.208323086257287571e+00 1.640919083100454046e+01 3.214532057768015427e+00
9.380161952995317520e+00 1.653422649043278625e+01 3.226302562119617079e+00
9.464350992692649456e+00 1.670801506466161612e+01 3.223844978325541621e+00
9.611176568812483723e+00 1.688980692186981258e+01 3.247393014072941675e+00
9.703554046971449409e+00 1.710583542908209509e+01 3.287934128485615393e+00
9.773817375817904107e+00 1.734811480301071640e+01 3.326515059021307508e+00
9.910150488333867358e+00 1.758749883086554888e+01 3.341595143790607736e+00
9.966678142317995537e+00 1.770306206943119420e+01 3.345562838360431890e+00
1.013384134790298852e+01 1.796410172617216361e+01 3.321370492892543602e+00
1.019846482478935812e+01 1.807905998516237744e+01 3.346219767098470133e+00
1.033042516750491480e+01 1.828354989632900995e+01 3.369443718679908439e+00
1.027862567039152530e+01 1.849768009381382328e+01 3.456263676676457397e+00
1.043630009895003674e+01 1.880393432311633362e+01 3.471146207745406720e+00
1.060181499856897425e+01 1.902770573522077768e+01 3.471191674685232265e+00
1.074897149069422220e+01 1.924679672167683719e+01 3.503928403842477390e+00
1.079481016121074788e+01 1.945988044658860616e+01 3.535151857988651614e+00
1.093166243436126628e+01 1.976575255986677604e+01 3.586917681309183425e+00
1.106611600915586990e+01 1.998942215749039875e+01 3.584504242588890666e+00
1.113967529938036272e+01 2.023077613568433364e+01 3.602618642686298944e+00
1.124756348782409532e+01 2.038836949417109423e+01 3.648534847234674583e+00
1.130168322541393877e+01 2.048091972288959894e+01 3.663724676013201620e+00
1.145617344378492497e+01 2.062012396246113966e+01 3.642452114719326506e+00
1.165520086026981517e+01 2.080252931134634764e+01 3.652263250142834483e+00
1.182211659029422002e+01 2.110804877371056065e+01 3.684701389663446847e+00
1.191579269640603300e+01 2.125552678096527259e+01 3.702951477769406807e+00
1.192199325938653054e+01 2.156396257127987681e+01 3.730487202245782008e+00
1.199907262613047720e+01 2.176629716337923170e+01 3.743123047587894714e+00
1.208973193610562546e+01 2.200080867828091513e+01 3.769065122410346635e+00
1.224947549950495684e+01 2.220645635088709824e+01 3.800022535812154434e+00
1.233278560673262980e+01 2.238709904022027075e+01 3.805600639617265912e+00
1.248967070578550675e+01 2.259883232194569658e+01 3.826011398154657517e+00
1.253462904522542232e+01 2.278097484100484493e+01 3.840147170865952475e+00
1.261222649393605622e+01 2.297547079314621854e+01 3.851558791688353356e+00
1.271399681862492947e+01 2.321170602691383777e+01 3.851190422525738288e+00
1.288353855535119408e+01 2.341052594334100334e+01 3.868620366187066395e+00
1.301982056794717835e+01 2.357275720111113060e+01 3.896389551545545338e+00
1.310972836478308423e+01 2.374937409953354006e+01 3.901463438712355458e+00
1.315971391540943713e+01 2.398626556813666966e+01 3.904680065745911310e+00
1.328370164200660319e+01 2.421531449711094908e+01 3.933448869709570861e+00
1.340200128029847271e+01 2.437573649977825596e+01 3.945819323439027748e+00
1.356393905091819541e+01 2.465440688753987075e+01 3.976297241567052332e+00
1.366981606678583283e+01 2.491500489705105537e+01 3.957104007544280488e+00
1.380606947668109363e+01 2.507626769767387032e+01 3.968775343485876128e+00
1.392219571006005729e+01 2.534697209181708288e+01 4.018011467636300793e+00
1.401366025229444290e+01 2.556081308167610899e+01 4.027094199964485810e+00
1.416161230237384139e+01 2.578064608991074280e+01 4.044391766974553271e+00
1.431139610087866920e+01 2.594635048250968268e+01 4.061364408335093046e+00
1.440513508923278962e+01 2.613207509209759394e+01 4.059327507337279428e+00
1.452092456225240369e+01 2.629797330034420000e+01 4.084537302382652335e+00
1.460726655324922696e+01 2.656698553498731386e+01 4.095522620668783809e+00
1.480201064562899305e+01 2.666940702592236789e+01 4.139506204467970463e+00
1.501035738196103075e+01 2.686206589953834367e+01 4.143810609024277447e+00
1.509567081014130174e+01 2.708820537512902504e+01 4.164018878190138828e+00
1.512766481014993936e+01 2.727170980058998495e+01 4.184864049027275712e+00
1.531512897500847004e+01 2.741024644057746329e+01 4.177331603569261809e+00
1.546435954669928137e+01 2.761924050343782611e+01 4.183343456578498376e+00
1.549850183135277959e+01 2.784810087568665793e+01 4.223164903078920673e+00
1.558128130196292638e+01 2.805162695284696284e+01 4.245081093274073680e+00
1.566908987731757108e+01 2.832155236157892730e+01 4.259770843942722429e+00
1.588589288482380191e+01 2.844547744438994030e+01 4.282902531962125003e+00
1.596847861071930730e+01 2.867424409814466557e+01 4.329358096299043446e+00
1.608385381359199329e+01 2.887982710017227106e+01 4.360698463560291671e+00
1.617241640935674951e+01 2.910646621116843136e+01 4.360091247581996399e+00
1.624950568287132668e+01 2.927925509269547177e+01 4.381733897540664557e+00
1.636073114015514562e+01 2.946513210185664633e+01 4.403912099132386793e+00
1.648141596849363211e+01 2.960229848255046292e+01 4.441116725260051190e+00
1.664773283110794111e+01 2.993151256081952027e+01 4.416040205548488196e+00
1.672068581078335114e+01 3.020537908847406783e+01 4.420022478369602048e+00
1.685709784496778951e+01 3.047718968090741498e+01 4.468406360806420174e+00
1.696481615350146654e+01 3.068426498527857049e+01 4.503382597938698773e+00
1.713399854933432209e+01 3.089787746529391299e+01 4.507259390362429841e+00
1.724657681537398091e+01 3.113555211628730390e+01 4.497884966240093263e+00
1.741292253960116909e+01 3.130666833355753198e+01 4.465645543197901191e+00
1.745876491642342998e+01 3.140727420286507154e+01 4.505464757267152898e+00
1.754062836790016888e+01 3.164199574933335413e+01 4.545740352277822360e+00
1.755691404586302085e+01 3.177078395378348930e+01 4.544266655155436929e+00
1.767994746734207112e+01 3.200866683735915075e+01 4.590012264938705400e+00
1.781502801072568332e+01 3.226017356902980993e+01 4.620545545174739033e+00
1.774843896765315421e+01 3.247628328205791348e+01 4.661635171920329945e+00
1.781978972703976183e+01 3.265364352157642713e+01 4.674839556047261979e+00
1.799400289865476310e+01 3.289803395356263138e+01 4.657580011938728504e+00
1.810712509549245652e+01 3.312870580033706602e+01 4.671076266934145238e+00
1.821192704639589977e+01 3.327658876830396650e+01 4.681410425721161062e+00
1.837668730507870407e+01 3.349396166961768273e+01 4.724209619280621553e+00
1.848217782257370345e+01 3.364568559363692657e+01 4.705073011581629494e+00
1.860774771007071138e+01 3.385371588959445432e+01 4.721733050681558019e+00
1.865760136830878224e+01 3.405544982831386136e+01 4.737290997951000726e+00
1.869536218848323728e+01 3.422795585635816451e+01 4.786691532653146730e+00
1.875299623489252454e+01 3.440888273186035207e+01 4.815088381484768476e+00
1.889099964962784739e+01 3.460232053051235113e+01 4.794225392099451533e+00
1.898388647051561051e+01 3.471570904291609594e+01 4.766064801660419015e+00
1.908687880781238633e+01 3.489032586034252859e+01 4.784754312936484233e+00
1.922813121302450412e+01 3.512710610322046989e+01 4.822021019987749568e+00
1.936714591760302895e+01 3.531243888219210447e+01 4.824799990992313603e+00
1.946417427500689001e+01 3.552571517654070732e+01 4.901790731257772649e+00
1.951427521310588986e+01 3.576525078790491108e+01 4.916361758894906231e+00
1.967472392528949854e+01 3.599261991827752638e+01 4.937141322516231945e+00
1.977309448776792067e+01 3.622281619971790434e+01 4.951243007783273420e+00
1.983131810970609266e+01 3.641138227826739637e+01 4.968330151730060429e+00
1.991527247713749205e+01 3.657033921916497832e+01 5.014164150455898472e+00
2.005173041072492879e+01 3.679417298975786821e+01 4.993556004453004959e+00
2.014268883298012724e+01 3.698538628822022645e+01 4.992588453251340930e+00
2.021523244899707805e+01 3.725808382371130989e+01 4.993376080890819857e+00
2.028512769494609103e+01 3.750382276124470593e+01 5.000550942024722723e+00
2.045616622353694680e+01 3.769117533997060576e+01 5.019599029666924395e+00
2.047081575405695730e+01 3.795622157367487404e+01 5.032660556222889880e+00
2.051841177541006545e+01 3.818792816734266893e+01 5.049659670184855287e+00
2.054140011174892066e+01 3.828575604736401061e+01 5.069042139121012092e+00
2.062183438455179640e+01 3.846805553417581081e+01 5.113903724945585871e+00
2.070511656751695639e+01 3.870787863122921379e+01 5.150302971302456179e+00
2.070173827266320643e+01 3.885623100172934841e+01 5.171093230200647817e+00
2.079281828413126121e+01 3.905362825477961053e+01 5.206505348388075660e+00
2.089369245410474818e+01 3.922880689846739699e+01 5.231684522771850254e+00
2.097076949115691846e+01 3.945086046601466734e+01 5.205119679113311193e+00
2.101441366231317787e+01 3.957362990692214311e+01 5.232628351706885894e+00
2.108907479957528253e+01 3.980874610230157629e+01 5.267829405005221233e+00
2.125143450700591785e+01 3.992602888587118315e+01 5.234218350708146339e+00
2.129127942007720264e+01 4.010488011269172404e+01 5.232526660683729069e+00
2.143403192443488692e+01 4.035685227669991093e+01 5.258317091624942208e+00
2.153518710091661248e+01 4.061456245224832884e+01 5.288743502473927549e+00
2.165227370663323114e+01 4.083565224245830194e+01 5.297797955226646316e+00
2.181846681599236248e+01 4.098985910810048239e+01 5.315661182976259447e+00
2.185744075574263334e+01 4.108455810088395310e+01 5.311514243711906502e+00
2.197234257529746770e+01 4.129512253240908848e+01 5.314021424829784124e+00
2.203552352363568900e+01 4.149660991572902446e+01 5.335542062074972947e+00
2.222205111444875669e+01 4.176549829298534178e+01 5.365005870539831356e+00
2.233266428701681150e+01 4.193082801063193443e+01 5.368524004562345020e+00
2.245970821928933248e+01 4.213715477886151461e+01 5.389652689357571802e+00
2.251510239594085050e+01 4.234542812174726123e+01 5.384296286718213587e+00
2.257203204957402320e+01 4.256221982550211180e+01 5.367953060170074231e+00
2.268085325407367492e+01 4.277709313612970732e+01 5.345331840290894476e+00
2.275466377836936971e+01 4.302174295399947113e+01 5.372827026988409749e+00
2.288315902008542224e+01 4.317775713397005433e+01 5.373454738476127979e+00
2.300385658513436482e+01 4.331178481308246830e+01 5.372010948744328829e+00
2.303139199133575232e+01 4.350936052798887488e+01 5.405867159451718251e+00
2.314302515952729422e+01 4.376871350539580163e+01 5.459233212744081243e+00
2.315532527858200140e+01 4.398610808514180093e+01 5.458425048958276626e+00
2.326463617892128966e+01 4.422762141212982812e+01 5.488139819867686064e+00
2.335489468223262577e+01 4.448045959246955761e+01 5.519965628532043311e+00
2.351801975536395872e+01 4.474430007746008187e+01 5.559343772528524852e+00
2.355519180557732284e+01 4.496474689836757221e+01 5.581200873729633471e+00
2.366629972569120710e+01 4.517423656475365590e+01 5.610379086316308772e+00
2.374688462022065849e+01 4.537404967290175506e+01 5.653875617176546520e+00
2.386350998768641318e+01 4.549805583335339776e+01 5.681943772664157954e+00
2.402845626643864918e+01 4.572004561316691706e+01 5.718741027194339743e+00
2.411571504754639861e+01 4.592570197412146626e+01 5.772292844303327009e+00
2.424872918393647581e+01 4.617138775586531807e+01 5.794836687075591186e+00
2.426572438512607732e+01 4.635124700071213510e+01 5.812019598817285804e+00
2.435657698800602589e+01 4.658447135535258354e+01 5.844843880428222782e+00
2.439818501651325988e+01 4.673596189929227762e+01 5.887706876860920424e+00
2.449058843312992551e+01 4.692050401748765864e+01 5.928968173759447069e+00
2.465432201472521712e+01 4.710892874017038423e+01 5.906421141566108979e+00
2.475153421183705760e+01 4.736731269825281743e+01 5.897772136167287904e+00
2.479444486890714927e+01 4.752725670526023549e+01 5.927574326211773936e+00
2.495184528696183435e+01 4.772073066443561373e+01 5.921948044732220140e+00
2.499819644331255830e+01 4.788875266941305142e+01 5.933341041872485455e+00
2.504940314061158801e+01 4.816313147859477795e+01 5.962807271163613976e+00
2.517680302658176217e+01 4.833522484617071768e+01 6.002233088848777598e+00
2.526289749645717464e+01 4.847148082180434159e+01 6.021174362703749949e+00
2.538586641913824238e+01 4.866992185055097764e+01 6.040325838482069720e+00
2.546504062041026728e+01 4.887199206879534330e+01 6.058126939225333629e+00
2.557509635298615436e+01 4.902572561540358009e+01 6.070723537852185991e+00
2.585937152331849020e+01 4.927038549014409341e+01 6.081260541304517098e+00
2.594623450291064870e+01 4.944239161802973115e+01 6.094169083755697436e+00
2.592197630228609029e+01 4.962829852434050792e+01 6.075655151537581844e+00
2.600232759395341731e+01 4.984753784964571111e+01 6.105011907605739196e+00
2.605407154312629814e+01 4.999958516523444274e+01 6.097743015855830784e+00
2.612681213938772729e+01 5.017491360810481638e+01 6.117596792830871877e+00
2.624038302915537457e+01 5.034416191213227165e+01 6.151102702191686866e+00
2.636004967225007789e+01 5.054235149214729717e+01 6.209671609665487146e+00
2.645592267631607086e+01 5.074719450859872438e+01 6.226754874318721988e+00
2.658961429242520680e+01 5.101495953907721770e+01 6.213751861391858533e+00
2.668251715102893229e+01 5.125658395563344527e+01 6.244653648410737112e+00
2.679175353481420885e+01 5.141369123200349378e+01 6.291731794208443418e+00
2.691818652665058664e+01 5.160557989047061511e+01 6.282931033230643614e+00
2.704147056281766481e+01 5.174624738321311668e+01 6.282590333363618385e+00
2.715892311365072231e+01 5.190802317950941358e+01 6.291794359984930196e+00
2.733056530279217355e+01 5.214846422528209047e+01 6.277911735436378926e+00
2.735071761388397960e+01 5.223431097453831029e+01 6.239675762222722355e+00
2.747351542602187635e+01 5.240998008997008384e+01 6.279037540385838057e+00
2.766805873942263716e+01 5.261892616942159862e+01 6.315185062145274308e+00
2.781255722705308742e+01 5.271260007531046199e+01 6.370632472598219742e+00
2.788554811775700415e+01 5.287723264175490812e+01 6.397415107553230840e+00
2.800588109195915010e+01 5.314886594307231604e+01 6.424493068054855982e+00
2.813281590358800699e+01 5.336170502451629005e+01 6.457047509308876165e+00
2.818313758995045504e+01 5.353030955531081503e+01 6.449152316582268618e+00
2.829978570742431998e+01 5.379197430387952750e+01 6.475244962504080881e+00
2.840313093811777279e+01 5.397353256843014435e+01 6.523525992472029245e+00
2.853234744845515891e+01 5.417531711562733676e+01 6.540105437087814444e+00
2.857105491265235031e+01 5.432918500096938175e+01 6.569175321926077338e+00
2.864543321931789421e+01 5.462283956092319670e+01 6.604072626004486857e+00
2.874382036265281926e+01 5.481785609328932907e+01 6.632412635223166930e+00
2.884882616593809601e+01 5.495137326046537396e+01 6.651373909844214616e+00
2.889999732094803520e+01 5.512189791929800720e+01 6.630882901783890837e+00
2.906864716982371633e+01 5.529991868257328491e+01 6.625549547956405938e+00
2.910164948111443550e+01 5.546195241070020643e+01 6.649914309762472442e+00
2.924105877395113495e+01 5.572319227930969276e+01 6.649692075851225681e+00
2.926621386528124802e+01 5.601396717717236129e+01 6.703086577413640335e+00
2.939797285548922900e+01 5.621242622482223084e+01 6.716194240363259738e+00
2.944736335017454820e+01 5.637461883989084299e+01 6.735985950302108449e+00
2.956753610204694738e+01 5.664928452287863792e+01 6.747887760530762336e+00
2.962542639516694010e+01 5.685640128053394449e+01 6.740602139623215194e+00
2.970888540357548280e+01 5.702679768206662203e+01 6.772471646746847540e+00
2.975982749191805254e+01 5.709285965912914662e+01 6.798388833453828717e+00
2.995853335333326584e+01 5.730727914419510682e+01 6.851972626277567535e+00
3.003566693124583509e+01 5.748490692544104519e+01 6.899696420837510225e+00
3.007524284857340646e+01 5.769722980332576867e+01 6.897842433593851297e+00
3.019205914002256819e+01 5.780916927798317317e+01 6.943769317818747844e+00
3.034187770199063650e+01 5.802168866423654237e+01 6.977636135965586739e+00
3.042727005198887724e+01 5.814082368989632243e+01 6.994544198838688942e+00
3.052110440375041378e+01 5.834953001758367463e+01 7.013457394552006896e+00
3.061353060996632536e+01 5.854251814444168645e+01 7.046696865131089282e+00
3.064508293887788071e+01 5.871673255671738900e+01 7.071285857475536396e+00
3.072053438729978581e+01 5.893841939828725174e+01 7.124018907367878128e+00
3.085192319975736197e+01 5.915041975203124736e+01 7.145961836406809375e+00
3.097128394741280744e+01 5.934461426699408548e+01 7.153353241175104849e+00
3.103262839415043572e+01 5.957704756184408978e+01 7.154865180510894263e+00
3.117971937102383251e+01 5.979482522243625908e+01 7.178742099447083191e+00
3.124434900976310203e+01 5.999111823618132178e+01 7.176894045586807991e+00
3.132311651475247061e+01 6.026826267817209271e+01 7.220297491676631374e+00
3.130890144662028973e+01 6.044238164553307513e+01 7.228951253968725510e+00
3.131605633683679457e+01 6.062572113943215157e+01 7.259786846962165363e+00
3.141017858770230120e+01 6.078067793352198578e+01 7.255637210466307607e+00
3.146786829550892506e+01 6.096570926328492845e+01 7.312859721560196924e+00
3.157542445930408093e+01 6.113363736329022657e+01 7.337024943391008414e+00
3.163183468843392632e+01 6.136272536089622776e+01 7.339937697950747797e+00
3.173049378052153813e+01 6.152769118148032845e+01 7.363507955675186345e+00
3.177828260416830020e+01 6.168180792348129415e+01 7.374995339319306176e+00
3.186497158977264732e+01 6.190869026678405618e+01 7.380570555481802408e+00
3.205756430094522358e+01 6.217984528915821585e+01 7.426880376576679765e+00
3.212350609245184785e+01 6.238053284213525984e+01 7.466760047341330697e+00
3.218332330948945952e+01 6.250637528235423446e+01 7.507156168601003543e+00
3.229713555717593465e+01 6.279394269811574247e+01 7.506898215264739882e+00
3.244756748738344498e+01 6.300262072384813195e+01 7.502805840061228082e+00
